529
902
444
800
222
577
218
760
536
871
796
773
464
377
589
109
248
616
663
595
308
285
768
724
81
795
637
310
344
228
428
516
366
522
687
655
576
770
356
268
185
629
282
642
198
749
423
430
352
439
717
544
285
216
110
603
614
734
463
508
428
797
471
721
293
332
485
200
488
246
848
396
517
379
275
805
317
157
690
623
545
669
71
486
570
239
454
447
646
464
289
32
448
463
428
972
526
506
602
659
798
373
384
277
413
913
723
822
783
354
555
828
167
640
187
937
746
746
264
251
530
607
556
233
701
507
504
616
144
421
461
756
519
484
484
242
477
545
468
413
476
532
536
712
390
250
502
599
249
812
455
521
265
730
411
861
371
362
131
437
655
408
285
525
816
900
909
677
164
696
633
526
217
423
591
746
364
490
481
657
696
666
197
447
558
248
391
875
204
309
384
338
808
470
722
583
400
142
590
477
227
209
801
680
677
385
237
404
107
710
580
657
46
413
366
206
135
246
486
298
518
576
569
258
732
497
929
319
525
615
447
629
772
470
112
696
553
449
567
418
82
634
691
757
612
643
427
590
660
527
244
496
400
365
243
123
825
153
524
401
441
571
756
705
766
391
752
376
253
668
274
702
514
519
669
612
739
456
284
596
349
583
556
446
650
447
344
256
236
705
588
641
158
583
489
647
538
335
715
369
270
512
380
468
673
366
547
694
296
535
614
325
551
273
433
625
528
596
181
253
191
507
233
426
479
533
374
113
475
58
361
543
758
456
656
451
395
529
747
791
705
346
409
291
158
259
780
267
492
674
489
368
629
437
303
525
799
570
478
623
498
725
576
787
595
688
685
620
441
441
373
561
265
652
318
190
287
347
238
492
476
944
794
369
517
585
283
571
633
368
489
322
729
449
500
573
575
591
469
633
876
437
547
440
221
519
86
500
508
650
717
317
629
482
704
659
357
585
414
406
202
382
503
670
551
633
92
676
432
523
869
735
762
488
506
478
448
613
701
625
168
421
455
215
547
733
387
376
738
386
756
439
683
781
517
497
195
499
468
427
410
509
475
461
605
651
320
741
459
654
352
647
417
650
492
894
639
750
479
526
504
734
534
536
592
536
557
436
626
217
549
512
621
421
113
652
157
623
265
312
896
417
365
467
360
726
539
583
183
749
464
475
633
358
613
360
599
526
416
443
440
327
432
472
525
530
920
463
447
636
248
844
253
45
509
586
346
857
523
329
185
174
535
761
422
788
617
492
557
409
815
872
292
370
218
468
521
263
684
315
106
172
309
521
440
417
551
165
556
140
391
822
446
749
322
488
422
838
651
589
693
155
830
709
441
189
437
523
622
608
141
581
392
922
128
416
498
513
557
337
570
524
593
469
141
602
386
678
467
199
475
451
576
182
786
866
520
164
391
315
652
381
674
313
635
547
380
806
346
766
675
102
718
472
506
520
344
510
394
687
394
382
378
272
476
786
487
67
627
889
238
322
49
524
196
269
507
233
638
321
789
586
292
908
334
213
420
312
429
322
404
431
750
815
633
436
416
404
443
741
404
648
274
195
37
466
607
803
431
211
670
591
577
502
513
119
704
359
29
505
823
681
258
794
882
876
87
647
580
151
428
435
786
235
553
634
404
660
687
469
513
244
597
505
403
644
200
699
760
224
312
917
390
631
602
463
494
291
832
555
804
178
271
794
642
313
604
257
548
242
464
572
312
352
530
662
184
421
739
633
273
835
527
612
528
743
842
333
503
410
383
448
176
32
659
535
617
413
986
53
547
710
510
214
530
556
669
598
543
554
487
783
834
513
268
256
864
287
443
270
564
664
395
517
385
916
461
710
199
507
362
533
598
931
661
247
178
534
732
345
604
578
761
393
322
494
305
339
836
181
700
745
643
527
677
670
763
151
297
389
379
257
666
564
300
387
728
547
680
676
390
387
903
118
342
395
448
65
434
181
744
87
630
309
358
825
556
808
390
517
604
393
564
707
636
699
548
660
433
493
536
468
429
403
421
828
473
375
212
471
500
651
635
544
503
775
244
118
498
778
494
566
445
193
873
665
481
547
531
489
492
538
590
531
364
283
536
506
342
388
645
829
683
503
300
569
357
198
398
291
814
673
234
64
138
675
514
372
879
916
586
163
685
456
688
356
299
696
582
231
391
469
521
425
381
410
300
663
545
852
708
586
341
650
262
629
814
353
348
578
477
554
257
789
585
576
259
54
546
817
808
883
718
520
497
899
783
644
367
838
127
529
484
642
506
373
541