483
741
347
83
355
356
53
478
973
381
940
299
840
769
338
599
506
83
964
206
869
51
884
472
906
975
448
930
157
639
140
530
233
600
735
51
194
223
636
817
255
789
982
259
118
397
243
562
767
839
517
186
997
443
655
302
570
416
115
97
501
215
545
57
845
984
880
742
533
490
656
507
479
971
623
723
385
840
699
26
566
491
80
664
542
526
142
987
543
183
588
128
933
646
121
49
336
510
807
139
584
942
574
133
710
673
947
989
610
874
62
237
114
422
797
709
677
639
925
436
924
717
635
385
150
751
51
996
227
982
30
627
75
382
505
300
83
757
922
615
430
367
638
973
861
996
755
794
283
443
771
404
662
558
898
823
37
792
88
21
898
526
646
398
536
693
448
484
471
546
815
403
864
689
147
909
954
412
424
144
615
693
238
46
409
53
387
955
266
1
6
934
169
144
873
324
635
262
335
390
785
915
385
720
411
722
34
729
7
677
563
818
638
538
985
97
81
215
945
108
67
8
108
969
853
662
890
125
299
292
738
533
770
210
815
89
248
727
180
917
47
319
30
999
864
73
663
87
129
624
906
468
138
698
211
825
400
797
53
419
564
998
87
56
651
783
197
322
818
353
670
150
906
269
465
154
622
57
674
166
292
537
356
635
272
857
480
318
628
97
615
732
743
564
204
166
667
25
953
874
741
592
96
909
902
143
699
650
53
49
599
722
156
18
831
896
400
133
805
61
504
874
26
974
850
147
294
55
691
448
550
925
327
926
150
316
97
776
912
37
397
122
169
159
835
47
947
110
119
621
574
607
580
642
787
821
186
100
771
535
688
131
187
313
114
707
147
853
283
744
991
518
234
142
680
145
460
86
827
612
417
451
33
578
991
280
336
968
531
366
837
939
115
188
906
122
34
49
940
448
425
81
63
864
287
332
93
650
864
161
646
238
412
88
644
601
594
815
610
808
918
481
462
580
169
215
378
212
347
682
475
596
516
218
738
178
286
478
582
586
959
823
263
164
782
408
581
443
790
915
649
911
341
383
89
409
166
432
359
878
939
462
721
1
761
707
164
937
571
193
477
131
485
312
630
905
834
97
276
538
609
336
418
416
256
690
427
417
660
634
253
337
932
228
682
245
551
896
653
488
562
491
923
304
78
282
98
511
607
620
84
203
349
754
127
161
402
588
391
778
341
433
736
486
711
537
663
106
507
550
420
139
857
398
357
110
838
46
418
844
842
673
569
241
584
113
962
814
698
441
988
867
839
95
263
578
78
669
49
345
162
477
241
481
716
989
82
345
839
276
219
93
23
45
802
761
915
282
178
651
893
44
586
511
560
671
63
964
247
264
967
379
964
875
681
332
504
739
855
467
321
521
219
749
661
179
66
927
979
829
53
224
795
271
511
36
342
864
210
933
136
780
598
796
54
909
850
129
659
526
616
940
197
217
141
328
163
842
403
921
529
624
498
895
676
837
458
232
997
359
683
12
955
247
26
432
899
901
989
234
682
831
219
161
875
838
272
24
880
112
687
324
580
146
873
944
181
72
795
391
423
79
754
249
39
645
729
323
809
126
704
388
104
822
484
292
72
28
887
398
125
347
458
858
773
28
556
419
976
956
583
961
850
18
904
676
371
690
707
276
936
223
976
947
25
86
201
25
804
231
544
12
507
552
622
676
174
804
939
808
86
589
805
514
287
649
295
803
240
443
861
234
60
884
472
806
508
948
13
923
636
906
429
691
55
822
640
4
887
983
98
929
462
487
19
21
716
846
295
402
422
265
12
857
150
651
341
855
450
415
276
148
785
206
231
94
301
232
439
887
194
958
238
949
689
60
42
517
298
527
943
593
293
283
922
567
191
384
942
174
129
453
685
614
797
309
606
897
63
134
670
331
513
344
42
756
452
318
986
755
862
74
509
103
664
47
955
757
147
979
394
171
805
663
662
122
346
61
538
669
833
933
764
183
18
163
891
636
651
252
802
87
575
18
152
882
840
103
815
439
418
683
964
728
219
479
233
499
876
728
45
911
987
99
865
377
679
931
839
543
896
665
55
775
276
453
376
131
292
978
364
661
828
610
34
196
724
402
464
446
18
389
443
95
91
197
191
11
623
563
469
600
524
973
130
74
405
258
94
862
570
700
417
712
460
87
947
681
144
267
832
873
905
426
257
260
219
261
171
677
669
609
422
125
843
955
965
698
233
84
5
296
322
609
945
592
749
385
732
196
608
469
176
782
386
857
723
863
153
335
589
491
400
471
628
851
66
360
528